LevelName: 
19;6
Chunk empty
Chunk empty
Chunk empty
Chunk empty
Chunk empty
Chunk empty
Chunk empty
Chunk empty
Chunk empty
Chunk empty
Chunk empty
Chunk empty
Chunk empty
Chunk
0;0;0;0;0;0;0;0;0;0;0;0;0;0;0;0;
0;0;0;0;0;0;0;0;0;0;0;0;0;0;0;0;
0;0;0;0;0;0;0;0;0;0;0;0;0;0;0;0;
0;0;0;0;0;0;0;0;0;0;0;0;0;0;0;0;
0;0;0;0;0;0;0;0;0;0;0;0;0;0;0;0;
0;0;0;0;0;0;0;0;0;0;0;0;0;0;0;0;
0;0;0;0;0;0;0;0;0;0;0;0;0;0;0;0;
0;0;0;0;0;0;0;0;0;0;0;0;0;0;0;0;
0;0;0;0;0;0;0;0;0;0;0;0;0;0;0;0;
0;0;0;0;0;0;0;0;0;0;0;0;0;0;0;0;
0;10;10;0;0;0;0;0;0;0;0;0;0;0;0;0;
0;10;10;10;0;0;0;0;0;0;0;0;0;0;0;0;
0;10;10;10;10;0;0;0;0;0;0;0;0;0;0;0;
0;10;10;10;10;10;10;0;0;0;0;0;0;0;0;0;
0;10;10;10;10;10;10;0;0;0;0;0;0;0;0;0;
0;10;10;10;10;10;10;10;0;0;0;0;0;0;0;0;
Chunk empty
Chunk empty
Chunk empty
Chunk empty
Chunk
0;0;0;0;0;0;0;0;0;0;0;0;0;0;0;0;
0;0;0;0;0;0;0;0;0;0;0;0;0;0;0;0;
0;0;0;0;0;0;0;0;0;0;0;0;0;0;0;0;
0;0;0;0;0;0;0;0;0;0;0;0;0;0;0;1;
0;0;0;0;0;0;0;0;0;0;0;0;0;0;0;1;
0;0;0;0;0;0;0;0;0;0;0;0;0;0;0;1;
0;0;0;0;0;0;0;0;0;0;0;0;0;0;0;1;
0;0;0;0;0;0;0;0;0;0;0;0;0;0;0;1;
0;0;0;0;0;0;0;0;0;0;0;0;0;0;0;1;
0;0;0;0;0;0;0;0;0;0;0;0;0;0;0;1;
0;0;0;0;0;0;0;0;0;0;0;0;0;0;0;1;
0;0;0;0;0;0;0;0;0;0;0;0;0;0;0;1;
0;0;0;0;0;0;0;0;21;0;0;0;0;0;0;1;
0;0;0;0;0;0;0;19;10;0;0;0;0;0;0;1;
0;0;0;0;0;0;21;10;10;0;0;0;0;0;0;1;
0;0;0;0;0;19;10;10;10;0;0;0;0;0;0;1;
Chunk empty
Chunk empty
Chunk empty
Chunk empty
Chunk empty
Chunk empty
Chunk empty
Chunk
0;0;0;0;0;0;0;0;0;0;0;0;0;0;0;0;
0;0;0;0;0;0;0;0;0;0;0;0;0;0;0;0;
0;0;0;0;0;0;0;0;0;0;0;0;0;0;0;0;
0;0;0;0;0;0;0;0;0;0;0;0;0;0;0;0;
0;0;0;0;0;0;0;0;0;0;0;0;0;0;0;0;
0;0;0;0;0;0;0;0;0;0;0;0;0;0;0;0;
0;0;0;0;0;0;0;0;0;0;0;0;0;0;0;0;
0;0;0;0;0;0;0;0;0;0;0;0;0;0;0;0;
0;0;0;0;0;0;0;0;0;0;0;0;0;0;0;8;
0;0;0;0;0;0;0;0;0;0;0;0;0;0;0;8;
0;0;0;0;0;0;0;0;0;0;0;0;0;0;0;8;
0;0;0;0;0;0;0;0;0;0;0;0;0;0;8;8;
0;0;0;0;0;0;0;0;0;0;0;0;0;0;8;8;
0;0;0;0;0;0;0;0;0;0;0;0;0;8;8;8;
0;0;0;0;0;0;0;0;0;0;0;0;0;8;8;8;
0;0;0;0;0;0;0;0;0;0;0;0;0;8;8;8;
Chunk
0;0;0;0;0;0;0;0;0;0;0;0;0;0;0;0;
0;0;0;0;0;0;0;0;0;0;0;0;0;0;0;0;
0;0;0;0;0;0;0;0;8;8;0;0;0;0;0;0;
0;0;0;0;0;0;8;8;8;8;0;0;0;0;0;0;
0;0;0;0;8;8;8;8;8;8;0;0;0;0;0;0;
0;0;8;8;8;8;8;8;8;8;0;0;0;0;0;0;
0;8;8;8;8;8;8;8;8;8;0;0;0;0;0;0;
8;8;8;8;8;8;8;8;8;8;0;0;0;0;0;0;
8;8;8;8;8;8;8;8;8;8;0;0;0;0;0;0;
8;8;8;8;8;8;8;8;8;8;0;0;0;0;0;0;
8;8;8;8;8;8;8;8;8;8;0;0;0;0;0;0;
8;8;8;8;8;8;8;8;8;8;0;0;0;0;0;0;
8;8;8;8;8;8;8;8;8;8;0;0;0;0;0;0;
8;8;8;8;8;8;8;8;8;8;0;0;0;0;0;0;
8;8;8;8;8;8;8;8;8;8;0;0;0;0;0;0;
8;8;8;8;8;8;8;8;8;8;0;0;0;0;0;0;
Chunk empty
Chunk empty
Chunk empty
Chunk empty
Chunk
0;10;10;10;10;10;10;10;0;0;0;0;0;0;0;0;
0;10;10;10;10;10;10;10;0;0;0;0;0;0;0;0;
0;10;10;10;10;10;10;10;0;0;0;0;0;0;0;0;
0;10;10;10;10;10;10;10;0;0;0;0;0;0;0;0;
0;10;10;10;10;10;10;10;0;0;0;0;0;0;0;0;
0;10;10;10;10;10;10;10;0;0;0;0;0;0;0;0;
0;10;10;10;10;10;10;10;0;0;0;0;0;0;0;0;
0;10;10;10;10;10;10;10;0;0;0;0;0;0;0;0;
0;10;10;10;10;10;10;10;10;0;0;0;0;0;0;0;
0;10;10;10;10;10;10;10;10;0;0;0;0;0;0;0;
0;10;10;10;10;10;10;10;10;0;0;0;0;0;0;0;
0;10;10;10;10;10;10;10;10;10;0;0;0;0;0;0;
0;10;10;10;10;10;10;10;10;10;0;0;0;0;0;0;
0;10;10;10;10;10;10;10;10;10;0;0;0;0;0;0;
0;10;10;10;10;10;10;10;10;10;0;0;0;0;0;0;
0;10;10;10;10;10;10;10;10;10;0;0;0;0;0;0;
Chunk empty
Chunk empty
Chunk
0;0;0;0;0;0;0;0;0;0;0;0;0;0;0;0;
0;0;0;0;0;0;0;0;0;0;0;0;0;0;0;0;
0;0;0;0;0;0;0;0;0;0;0;0;0;0;0;0;
0;0;0;0;0;0;0;0;0;0;0;0;0;0;0;0;
0;0;0;0;0;0;0;0;0;0;0;0;0;0;0;0;
0;0;0;0;0;0;0;0;0;0;0;0;0;0;0;0;
0;0;0;0;0;0;0;0;0;0;0;0;0;0;0;0;
0;0;0;0;0;0;0;0;0;0;0;0;0;0;0;0;
0;0;0;0;0;0;0;0;0;0;0;0;0;0;0;0;
0;0;0;0;0;0;0;0;0;0;0;0;0;0;0;0;
0;0;0;0;0;0;0;0;0;0;0;0;0;0;0;0;
0;0;0;0;0;0;0;0;0;0;0;0;0;0;0;0;
0;0;0;0;0;0;0;0;0;0;0;0;0;0;3;3;
0;0;0;0;0;0;0;0;0;0;0;0;0;0;0;0;
0;0;0;0;0;0;0;0;0;0;0;0;0;0;0;0;
0;0;0;0;0;0;0;0;0;0;0;0;3;0;0;0;
Chunk
0;0;0;0;0;0;0;0;0;0;0;0;0;0;0;0;
0;0;0;0;0;0;0;0;0;0;0;0;0;0;0;0;
0;0;0;0;0;0;0;0;0;0;0;0;0;0;0;0;
0;0;0;0;0;0;0;0;0;0;0;0;0;0;0;0;
0;0;0;0;0;0;0;0;0;0;0;0;0;0;0;0;
0;0;0;0;0;0;0;0;0;0;0;0;0;0;0;19;
0;0;0;0;0;3;3;3;3;3;3;3;3;3;3;3;
0;0;0;0;0;0;0;0;0;0;0;0;0;0;0;0;
0;0;0;0;0;0;0;0;0;0;0;0;0;0;0;0;
0;3;3;3;0;0;0;0;0;0;0;0;0;0;0;0;
0;0;0;0;0;0;0;0;0;0;0;0;0;0;0;0;
0;0;0;0;0;0;0;0;0;0;0;0;0;0;0;0;
0;0;0;0;0;0;0;0;0;0;0;0;0;0;0;0;
0;0;0;0;0;0;0;0;0;0;0;0;0;0;0;0;
0;0;0;0;0;0;0;0;0;0;0;0;0;0;0;0;
0;0;0;0;0;0;0;0;0;0;0;0;0;0;0;0;
Chunk
0;0;0;0;21;10;10;10;10;0;0;0;0;0;0;1;
0;0;0;19;10;10;10;10;10;0;0;0;0;0;0;1;
0;0;21;10;10;10;10;10;10;0;0;0;0;0;0;1;
0;19;10;10;10;10;10;10;10;0;0;0;0;0;0;1;
21;10;10;10;10;10;10;10;10;0;0;0;0;0;0;1;
10;10;10;10;10;10;10;10;10;0;0;0;0;0;24;1;
3;3;3;3;3;3;3;3;3;1;1;1;1;1;3;1;
0;0;0;0;0;0;0;0;0;0;0;0;0;0;0;1;
0;0;0;0;0;0;0;0;0;0;0;0;0;0;0;1;
0;0;0;0;0;0;0;0;0;0;0;0;0;0;0;1;
0;0;0;0;0;0;0;0;0;0;0;0;0;0;0;1;
0;0;0;0;0;0;0;0;0;0;0;0;0;0;0;1;
0;0;0;0;0;0;0;0;0;0;0;0;0;0;0;1;
0;0;0;0;0;0;0;0;0;0;0;0;0;0;0;1;
0;0;0;0;0;0;0;0;0;0;0;0;0;0;0;1;
0;0;0;0;0;0;0;0;0;0;0;0;0;0;0;1;
Chunk
0;0;0;0;0;0;0;0;0;0;0;0;0;0;0;0;
0;0;0;0;0;0;0;0;0;0;0;0;0;0;0;0;
0;0;0;0;0;0;0;0;0;0;0;0;0;0;0;0;
0;0;0;0;0;0;0;0;0;0;0;0;0;0;0;0;
0;0;0;0;0;0;0;0;0;0;0;0;0;0;0;0;
0;0;0;0;0;0;0;0;0;0;0;0;0;0;0;0;
0;0;0;0;0;0;0;0;0;0;0;0;0;0;0;0;
0;0;0;0;0;0;0;0;0;0;0;0;0;0;0;0;
0;0;0;0;0;0;0;0;0;0;0;0;0;0;0;0;
0;0;0;0;0;0;0;0;0;0;0;0;0;0;0;0;
1;0;0;0;0;0;0;0;0;0;0;0;0;0;0;0;
1;0;0;0;0;0;0;0;0;0;0;0;0;0;0;0;
1;0;0;0;0;0;0;0;0;0;0;0;0;0;0;0;
1;0;0;0;0;0;0;0;0;0;0;0;0;0;0;0;
1;0;0;0;0;0;0;0;0;0;0;0;0;0;0;0;
1;0;0;0;0;0;0;0;0;0;0;0;0;0;0;0;
Chunk empty
Chunk empty
Chunk empty
Chunk
0;0;0;0;0;0;0;0;0;0;0;0;0;0;0;0;
0;0;0;0;0;0;0;0;0;0;0;0;0;0;0;0;
0;0;0;0;0;0;0;0;0;0;0;0;0;0;0;0;
0;0;0;0;0;0;0;0;0;0;0;0;0;0;0;0;
0;0;0;0;0;0;0;0;0;0;0;0;0;0;0;0;
0;0;0;0;0;0;0;0;0;0;0;0;0;0;0;0;
0;0;0;0;0;0;0;0;0;0;0;0;0;0;0;0;
0;0;0;0;0;0;0;0;0;0;0;0;0;0;0;0;
0;0;0;0;0;0;0;0;0;0;0;0;0;0;0;0;
0;0;0;0;0;0;0;0;0;0;0;0;0;0;0;0;
0;0;0;0;0;0;0;0;0;0;0;0;0;0;0;0;
0;0;0;0;0;0;0;0;0;0;0;0;0;0;0;0;
0;0;0;0;0;0;0;0;0;0;0;0;0;0;0;0;
0;0;0;0;0;0;0;0;0;0;0;0;0;0;0;0;
0;0;0;0;0;0;0;0;0;0;0;0;0;0;0;0;
3;3;3;3;3;3;3;3;3;3;3;3;3;3;3;3;
Chunk
0;0;0;0;0;0;0;0;0;0;0;0;0;0;0;0;
0;0;0;0;0;0;0;0;0;0;0;0;0;0;0;0;
0;0;0;0;0;0;0;0;0;0;0;0;0;0;0;0;
0;0;0;0;0;0;0;0;0;0;0;0;0;0;0;0;
0;0;0;0;0;0;0;0;0;0;0;0;0;0;0;0;
0;0;0;0;0;0;0;0;0;0;0;0;0;0;0;0;
0;0;0;0;0;0;0;0;0;0;0;0;0;0;0;0;
0;0;0;0;0;0;0;0;0;0;0;0;0;0;0;0;
0;0;0;0;0;0;0;0;0;0;0;0;0;0;0;0;
0;0;0;0;0;0;0;0;0;0;0;0;0;0;0;0;
0;0;0;0;0;0;0;0;0;0;0;0;0;0;0;0;
0;0;0;0;0;0;0;0;0;0;0;0;0;0;0;0;
0;0;0;0;0;0;0;0;0;0;0;0;0;0;0;0;
0;0;0;0;0;0;0;0;0;0;0;0;0;0;0;0;
0;0;0;0;0;0;0;0;0;0;0;0;0;0;0;0;
3;3;3;3;3;3;3;3;3;3;3;3;3;3;3;3;
Chunk
0;0;0;0;0;0;0;0;0;0;0;0;0;0;0;0;
0;0;0;0;0;0;0;0;0;0;0;0;0;0;0;0;
0;0;0;0;0;0;0;0;0;0;0;0;0;0;0;0;
0;0;0;0;0;0;0;0;0;0;0;0;0;0;0;0;
0;0;0;0;0;0;0;0;0;0;0;0;0;0;0;0;
0;0;0;0;0;0;0;0;0;0;0;0;0;0;0;0;
0;0;0;0;0;0;0;0;0;0;0;0;0;0;0;0;
0;0;0;0;0;0;0;0;0;0;0;0;0;0;0;0;
0;0;0;0;0;0;0;0;0;0;0;0;0;0;0;0;
0;0;0;0;0;0;0;0;0;0;0;0;0;0;0;0;
0;0;0;0;0;0;0;0;0;0;0;0;0;0;0;0;
0;0;0;0;0;0;0;0;0;0;0;0;0;0;0;0;
0;0;0;0;0;0;0;0;0;0;0;0;0;0;0;0;
0;0;0;0;0;0;0;0;0;0;0;0;0;0;0;0;
0;0;0;0;0;0;0;0;0;0;0;0;0;17;17;17;
3;3;3;3;0;0;0;0;0;0;0;0;0;3;3;3;
Chunk
0;0;0;0;0;0;0;0;0;0;1;0;0;8;8;8;
0;0;0;0;0;0;0;0;0;0;1;0;0;8;8;8;
0;0;0;0;0;0;0;0;0;0;1;0;8;8;8;8;
0;0;0;0;0;0;0;0;0;0;1;8;8;8;8;8;
0;0;0;0;0;0;0;0;0;0;8;8;8;8;8;8;
0;0;0;0;0;0;0;0;0;0;8;8;8;8;8;8;
0;0;0;0;0;0;0;0;0;0;8;8;8;8;8;8;
0;0;0;0;0;0;0;0;0;0;8;8;8;8;8;8;
0;0;0;0;0;0;0;0;0;0;8;8;8;8;8;8;
0;0;0;0;0;0;0;0;0;0;8;8;8;8;8;8;
0;0;0;0;0;0;0;0;0;8;8;8;8;8;8;8;
0;0;0;0;0;0;0;0;8;8;8;8;8;8;8;8;
0;0;0;0;0;0;0;0;8;8;8;8;8;8;8;8;
0;0;0;0;0;0;0;8;8;8;8;8;8;8;8;8;
17;17;17;17;17;17;17;8;8;8;8;8;8;8;8;8;
3;3;3;3;3;3;3;8;8;8;8;8;8;8;8;8;
Chunk
8;8;8;8;8;8;8;8;8;8;0;0;0;0;0;0;
8;8;8;8;8;8;8;8;8;8;0;0;0;0;0;0;
8;8;8;8;8;8;8;8;8;8;0;0;0;0;0;0;
8;8;8;8;8;8;8;8;8;8;0;0;0;0;0;0;
8;8;8;8;8;8;8;8;8;8;0;0;0;0;0;0;
8;8;8;8;8;8;8;8;8;8;0;0;0;0;0;0;
8;8;8;8;8;8;8;8;8;8;0;0;0;0;0;0;
8;8;8;8;8;8;8;8;8;8;0;0;0;0;0;0;
8;8;8;8;8;8;8;8;8;8;0;0;0;0;0;0;
8;8;8;8;8;8;8;8;8;8;0;0;0;0;0;0;
8;8;8;8;8;8;8;8;8;8;0;0;0;0;0;0;
8;8;8;8;8;8;8;8;8;8;0;0;0;0;0;0;
8;8;8;8;8;8;8;8;8;8;0;0;0;0;0;0;
8;8;8;8;8;8;8;8;8;8;0;0;0;0;0;0;
8;8;8;8;8;8;8;8;8;8;3;3;3;3;3;3;
8;8;8;8;8;8;8;8;8;8;4;4;4;4;4;4;
Chunk
0;0;0;0;0;0;0;0;0;0;0;0;0;0;0;0;
0;0;0;0;0;0;0;0;0;0;0;0;0;0;0;0;
0;0;0;0;0;0;0;0;0;0;0;0;0;0;0;0;
0;0;0;0;0;0;0;0;0;0;0;0;0;0;0;0;
0;0;0;0;0;0;0;0;0;0;0;0;0;0;0;0;
0;0;0;0;0;0;0;0;0;0;0;0;0;0;0;0;
0;0;0;0;0;0;0;0;0;0;0;0;0;0;0;0;
0;0;0;0;0;0;0;0;0;0;0;0;0;0;0;0;
0;0;0;0;0;0;0;0;0;0;0;0;0;0;0;0;
0;0;0;0;0;0;0;0;0;0;0;0;0;0;0;0;
0;0;0;0;0;0;0;0;0;0;0;0;0;0;0;0;
0;0;0;0;0;0;0;0;0;0;0;0;0;0;0;0;
0;0;0;0;0;0;0;0;0;0;0;0;0;0;0;0;
0;0;0;0;0;0;0;0;0;0;0;0;0;0;0;0;
3;3;3;3;3;3;3;3;3;3;3;3;3;3;3;3;
4;4;4;4;4;4;4;4;4;4;4;4;4;4;4;4;
Chunk
0;0;0;0;0;0;0;0;0;0;0;0;0;0;0;0;
0;0;0;0;0;0;0;0;0;0;0;0;0;0;0;0;
0;0;0;0;0;0;0;0;0;0;0;0;0;0;0;0;
0;0;0;0;0;0;0;0;0;0;0;0;0;0;0;0;
0;0;0;0;0;0;0;0;0;0;0;0;0;0;0;0;
0;0;0;0;0;0;0;0;0;0;0;0;0;0;0;0;
0;0;0;0;0;0;0;0;0;0;0;0;0;0;0;0;
0;0;0;0;0;0;0;0;0;0;0;0;0;0;0;0;
0;0;0;0;0;0;0;0;0;0;0;0;0;0;0;0;
0;0;0;0;0;0;0;0;0;0;0;0;0;0;0;0;
0;0;0;0;0;0;0;0;0;0;0;0;0;0;0;0;
0;0;0;0;0;0;0;0;0;0;0;0;0;0;0;0;
0;0;0;0;0;0;0;0;0;0;0;0;0;0;0;0;
0;0;0;0;0;0;0;0;0;0;0;0;0;0;0;0;
3;3;3;3;3;3;3;3;3;3;3;3;3;3;3;3;
4;4;4;4;4;4;4;4;4;4;4;4;4;4;4;4;
Chunk
0;0;0;0;0;0;0;0;0;0;0;0;0;0;0;0;
0;0;0;0;0;0;0;0;0;0;0;0;0;0;0;0;
0;0;0;0;0;0;0;0;0;0;0;0;0;0;0;0;
0;0;0;0;0;0;0;0;0;0;0;0;0;0;0;0;
0;0;0;0;0;0;0;0;0;0;0;0;0;0;0;0;
0;0;0;0;0;0;0;0;0;0;0;0;0;0;0;0;
0;0;0;0;0;0;0;0;0;0;0;0;0;0;0;0;
0;0;0;0;0;0;0;0;0;0;0;0;0;0;0;0;
0;0;0;0;0;0;0;0;0;0;0;0;0;0;0;0;
0;0;0;0;0;0;0;0;0;0;0;0;0;0;0;0;
0;0;0;0;0;0;0;0;0;0;0;0;0;0;0;0;
0;0;0;0;0;0;0;0;0;0;0;0;0;0;0;0;
0;0;0;0;0;0;0;0;0;0;0;0;0;0;0;0;
0;0;0;0;0;0;0;0;0;0;0;0;0;0;0;0;
3;3;3;3;3;3;3;3;3;3;3;3;3;3;3;3;
4;4;4;4;4;4;4;4;4;4;4;4;4;4;4;4;
Chunk
0;0;0;0;0;0;0;0;0;0;0;0;0;0;0;0;
0;0;0;0;0;0;0;0;0;0;0;0;0;0;0;0;
0;0;0;0;0;0;0;0;0;0;0;0;0;0;0;0;
0;0;0;0;0;0;0;0;0;0;0;0;0;0;0;0;
0;0;0;0;0;0;0;0;0;0;0;0;0;0;0;0;
0;0;0;0;0;0;0;0;0;0;0;0;0;0;0;0;
0;0;0;0;0;0;0;0;0;0;0;0;0;0;0;0;
0;0;0;0;0;0;0;0;0;0;0;0;0;0;0;0;
0;0;0;0;0;0;0;0;0;0;0;0;0;0;0;0;
0;0;0;0;0;0;0;0;0;0;0;0;0;0;0;0;
0;0;0;0;0;0;0;0;0;0;0;0;0;0;0;0;
0;0;0;0;0;0;0;0;0;0;0;0;0;0;0;0;
0;0;0;0;0;0;0;0;0;0;0;0;0;0;0;0;
0;0;0;0;0;0;0;0;0;0;0;0;0;0;0;0;
3;3;3;3;3;3;3;3;3;3;3;3;3;3;3;3;
4;4;4;4;4;4;4;4;4;4;4;4;4;4;4;4;
Chunk
0;10;10;10;10;10;10;10;10;10;10;0;0;0;0;0;
0;10;10;10;10;10;10;10;10;10;10;0;0;0;0;0;
0;10;10;10;10;10;10;10;10;10;10;10;0;0;0;0;
0;10;10;10;10;10;10;10;10;10;10;10;0;0;0;0;
10;10;10;10;10;10;10;10;10;10;10;10;0;0;0;0;
10;10;10;10;10;10;10;10;10;10;10;10;10;0;0;0;
10;10;10;10;10;10;10;10;10;10;10;10;10;10;0;0;
10;10;10;10;10;10;10;10;10;10;10;10;10;10;10;0;
0;10;10;10;10;10;10;10;10;10;10;10;10;10;10;10;
0;10;10;10;10;10;10;10;10;10;10;10;10;10;10;10;
0;10;10;10;10;10;10;10;10;10;10;10;10;10;10;10;
0;10;10;10;10;10;10;10;10;10;10;10;10;10;10;10;
0;10;10;10;10;10;10;10;10;10;10;10;10;10;10;10;
0;10;10;10;10;10;10;10;10;10;10;10;10;10;10;10;
3;3;3;3;3;3;3;3;3;3;3;3;3;3;3;3;
4;4;4;4;4;4;4;4;4;4;4;4;4;4;4;4;
Chunk
0;0;0;0;0;0;0;0;0;0;0;0;0;0;0;0;
0;0;0;0;0;0;0;0;0;0;0;0;0;0;0;0;
0;0;0;0;0;0;0;0;0;0;0;0;0;0;0;0;
0;0;0;0;0;0;0;0;0;0;0;0;0;0;0;0;
0;0;0;0;0;0;0;0;0;0;0;0;0;0;0;0;
0;0;0;0;0;0;0;0;0;0;0;0;0;0;0;0;
0;0;0;0;0;0;0;0;0;0;0;0;0;0;0;0;
0;0;0;0;0;0;0;0;0;0;0;0;0;0;0;0;
10;0;0;0;0;0;0;0;0;0;0;0;0;0;0;0;
10;10;0;0;0;0;0;0;0;0;0;0;0;0;0;0;
10;10;10;0;0;0;0;0;0;0;0;0;0;0;0;0;
10;10;10;10;0;0;0;0;0;0;0;0;0;0;0;0;
10;10;10;10;10;0;0;0;0;0;0;0;0;0;0;0;
10;10;10;10;10;10;10;0;0;0;0;0;0;0;0;0;
3;3;3;3;3;3;3;3;3;3;3;3;3;3;3;3;
4;4;4;4;4;4;4;4;4;4;4;4;4;4;4;4;
Chunk
0;0;0;0;0;0;0;0;0;0;0;0;0;0;0;0;
0;0;0;0;0;0;0;0;0;0;0;0;0;0;0;0;
0;0;0;0;0;0;0;0;0;0;0;0;0;0;0;0;
0;0;0;0;0;0;0;0;0;0;0;0;0;0;0;0;
0;0;0;0;0;0;0;0;0;0;0;0;0;0;0;0;
0;0;0;0;0;0;0;0;0;0;0;0;0;0;0;0;
0;0;0;0;0;0;0;0;0;0;0;0;0;0;0;0;
0;0;0;0;0;0;0;0;0;0;0;0;0;0;0;0;
0;0;0;0;0;0;0;0;0;0;0;0;0;0;0;0;
0;0;0;0;0;0;0;0;0;0;0;0;0;0;0;0;
0;0;0;0;0;0;0;0;0;0;0;0;0;0;0;0;
0;0;0;0;0;0;0;0;0;0;0;0;0;0;0;0;
0;0;0;0;0;0;0;0;0;0;0;0;0;0;0;0;
0;0;0;0;0;0;0;0;0;0;0;0;0;0;0;0;
3;3;3;3;3;3;3;3;3;3;3;3;3;3;3;0;
4;4;4;4;4;4;4;4;4;4;4;4;4;4;4;0;
Chunk
0;0;0;0;0;0;0;0;0;0;0;0;0;0;0;0;
0;0;0;0;0;0;0;0;0;0;0;0;0;0;0;0;
0;0;0;0;0;0;0;0;0;0;3;0;0;0;0;0;
0;0;0;0;0;0;0;0;0;0;0;0;0;0;0;0;
0;0;0;0;0;0;0;0;0;0;0;0;0;0;0;0;
0;0;0;0;0;0;0;0;0;0;0;0;3;0;0;0;
0;0;0;0;0;0;0;0;0;0;0;0;0;0;0;0;
0;0;0;0;0;0;0;0;0;0;0;0;0;0;0;0;
0;0;0;0;0;0;0;0;0;0;0;0;0;0;0;0;
0;0;0;0;0;0;0;0;0;0;0;0;0;0;0;0;
0;0;0;0;0;0;0;0;0;0;0;0;0;0;0;0;
0;0;0;0;0;0;0;0;0;0;0;0;0;0;0;0;
0;0;0;0;0;0;0;0;0;0;0;0;0;0;0;0;
0;0;0;0;0;0;0;0;0;0;0;0;0;0;0;0;
0;0;0;0;0;0;0;0;0;0;0;0;0;0;0;0;
0;0;0;0;0;0;0;0;0;0;0;0;0;0;0;0;
Chunk
0;0;0;0;0;0;0;0;0;0;0;0;0;0;0;0;
0;0;0;0;0;0;0;0;0;0;0;0;0;0;0;0;
0;0;0;0;0;0;0;0;0;0;0;0;0;0;0;0;
0;0;0;0;0;0;0;0;0;0;0;0;0;0;0;0;
0;0;0;0;0;0;0;0;0;0;0;0;0;0;0;0;
0;0;0;0;0;0;0;0;0;0;0;0;0;0;0;0;
0;0;0;0;0;0;0;0;0;0;0;0;0;0;0;0;
0;0;0;0;0;0;0;0;0;0;0;0;0;0;0;0;
3;3;3;0;0;0;0;0;0;0;0;0;0;0;0;0;
0;0;0;0;0;0;0;0;0;0;0;0;0;0;0;0;
0;0;0;0;0;0;0;0;0;0;0;0;0;0;0;0;
0;0;0;0;0;0;0;3;3;3;3;0;0;0;0;0;
0;0;0;0;0;0;0;0;0;0;0;0;0;0;0;0;
0;0;0;0;0;0;0;0;0;0;0;0;0;0;0;0;
0;0;0;0;0;0;0;0;0;0;0;3;3;3;3;0;
0;0;0;0;0;0;0;0;0;0;0;0;0;0;0;0;
Chunk
0;0;0;0;0;0;0;0;0;0;0;0;0;0;0;1;
0;0;0;0;0;0;0;0;0;0;0;0;0;0;0;1;
0;0;0;0;0;0;0;0;0;0;0;0;0;0;0;1;
0;0;0;0;0;0;0;0;0;0;0;0;0;0;0;1;
0;0;0;0;0;0;0;0;0;0;0;0;0;0;0;1;
0;0;0;0;0;0;0;0;0;0;0;0;0;0;0;1;
0;0;0;0;0;0;0;0;0;0;0;0;0;0;0;1;
0;0;0;0;0;0;0;0;0;0;0;0;0;0;0;1;
0;0;0;0;0;0;0;0;0;0;0;0;0;0;0;1;
0;0;0;0;0;0;0;0;0;0;0;0;0;0;0;1;
0;0;0;0;0;0;0;0;0;0;0;0;0;0;0;1;
0;0;0;0;0;0;0;0;0;0;0;0;0;0;0;1;
0;0;0;0;0;0;0;0;0;0;0;0;0;0;0;1;
0;0;0;0;0;0;0;0;0;0;0;0;0;0;0;1;
0;0;0;0;0;0;0;0;0;0;0;0;0;0;0;1;
0;0;0;0;0;0;0;0;0;0;0;0;0;0;0;1;
Chunk
1;0;0;0;0;0;0;0;0;0;0;0;0;0;0;0;
1;0;0;0;0;0;0;0;0;0;0;0;0;0;0;0;
1;0;0;0;0;0;0;0;0;0;0;0;0;0;0;0;
1;0;0;0;0;0;0;0;0;0;0;0;0;0;0;0;
1;0;0;0;0;0;0;0;0;0;0;0;0;0;0;0;
1;0;0;0;0;0;0;0;0;0;0;0;0;0;0;0;
1;0;0;0;0;0;0;0;0;0;0;0;0;0;0;0;
1;0;0;0;0;0;0;0;0;0;0;0;0;0;0;0;
1;0;0;0;0;0;0;0;0;0;0;0;0;0;0;0;
1;0;0;0;0;0;0;0;0;0;0;0;0;0;0;0;
1;0;0;0;0;0;0;0;0;0;0;0;0;0;0;0;
3;3;3;3;3;3;3;3;3;3;3;3;3;3;3;3;
4;4;4;4;4;4;4;4;4;4;4;4;4;4;4;4;
2;2;2;2;2;2;2;2;2;2;2;2;2;2;2;2;
2;2;2;2;2;2;2;2;2;2;2;2;2;2;2;2;
2;2;2;2;2;2;2;2;2;2;2;2;2;2;2;2;
Chunk
0;0;0;0;0;0;0;0;0;0;0;0;0;0;0;0;
0;0;0;0;0;0;0;0;0;0;0;0;0;0;0;0;
0;0;0;0;0;0;0;0;0;0;0;0;0;0;0;0;
0;0;0;0;0;0;0;0;0;0;0;0;0;0;0;0;
0;0;0;0;0;0;0;0;0;0;0;0;0;0;0;0;
0;0;0;0;0;0;0;0;0;0;0;0;0;0;0;0;
0;0;0;0;0;0;0;0;0;0;0;0;0;0;0;0;
0;0;0;0;0;0;0;0;0;0;0;0;0;0;0;0;
0;0;18;0;0;0;0;0;0;0;0;0;0;0;0;0;
0;18;18;18;0;0;0;0;0;0;0;0;0;0;0;0;
0;17;24;17;0;0;0;0;0;0;0;0;0;0;0;0;
3;3;3;3;3;3;3;3;3;3;3;3;3;3;3;3;
4;4;4;4;4;4;4;4;4;4;4;4;4;4;4;4;
2;2;2;2;2;2;2;2;2;2;2;2;2;2;2;2;
2;2;2;2;2;2;2;2;2;2;2;2;2;2;2;2;
2;2;2;2;2;2;2;2;2;2;2;2;2;2;2;2;
Chunk
0;0;0;0;0;0;0;0;0;0;0;0;0;0;0;0;
0;0;0;0;0;0;0;0;0;0;0;0;0;0;0;0;
0;0;0;0;0;0;0;0;0;0;0;0;0;0;0;0;
0;0;0;0;0;0;0;0;0;0;0;0;0;0;0;0;
0;0;0;0;0;0;0;0;0;0;0;0;0;0;0;0;
0;0;0;0;0;0;0;0;0;0;0;0;0;0;0;0;
0;0;0;0;0;0;0;0;0;0;0;0;0;0;0;0;
0;0;0;0;0;0;0;0;0;0;0;0;5;5;5;5;
0;0;0;0;0;0;0;0;0;0;0;0;0;0;0;0;
0;0;0;0;0;0;0;0;0;0;0;0;0;0;0;0;
0;0;0;0;0;0;0;0;0;0;0;0;0;0;0;0;
3;0;0;0;0;0;0;3;3;3;3;3;3;3;3;3;
4;4;4;4;4;4;4;4;4;4;4;4;4;4;4;4;
2;2;2;2;2;2;2;2;2;2;2;2;2;2;2;2;
2;2;2;2;2;2;2;2;2;2;2;2;2;2;2;2;
2;2;2;2;2;2;2;2;2;2;2;2;2;2;2;2;
Chunk
0;0;0;0;0;0;0;0;0;0;0;0;0;0;0;0;
0;0;0;0;0;0;0;0;0;0;0;0;0;0;0;0;
0;0;0;0;0;0;0;0;0;0;0;0;5;5;0;0;
0;0;0;0;0;0;0;0;0;0;0;0;0;0;0;0;
0;0;0;0;0;0;0;0;0;0;0;0;0;0;0;0;
0;0;0;0;5;5;5;5;0;0;0;0;0;0;0;0;
0;0;0;0;0;0;0;0;0;0;0;0;0;0;0;0;
5;0;0;0;0;0;0;0;0;0;0;0;0;0;0;0;
0;0;0;0;0;0;0;0;0;0;0;0;0;0;0;0;
0;0;0;0;0;0;0;0;0;0;0;0;0;0;0;0;
0;0;0;0;0;0;0;0;0;0;0;0;0;0;0;0;
3;3;3;3;3;3;3;3;3;3;3;3;3;3;3;3;
4;4;4;4;4;4;4;4;4;4;4;4;4;4;4;4;
2;2;2;2;2;2;2;2;2;2;2;2;2;2;2;2;
2;2;2;2;2;2;2;2;2;2;2;2;2;2;2;2;
2;2;2;2;2;2;2;2;2;2;2;2;2;2;2;2;
Chunk
4;4;4;4;4;4;4;4;4;4;4;4;4;4;4;4;
2;2;2;2;2;2;2;2;2;2;2;2;2;2;2;2;
2;2;2;2;2;2;2;2;2;2;2;2;2;2;2;2;
2;2;2;2;2;2;2;2;2;2;2;2;2;2;2;2;
2;2;2;2;2;2;2;2;2;2;2;2;2;2;2;2;
2;2;2;2;2;2;2;2;2;2;2;2;2;2;2;2;
2;2;2;2;2;2;2;2;2;2;2;2;2;2;2;2;
2;2;2;2;2;2;2;2;2;2;2;2;2;2;2;2;
2;2;2;2;2;2;2;2;2;2;2;2;2;2;2;2;
2;2;2;2;2;2;2;2;2;2;2;2;2;2;2;2;
2;2;2;2;2;2;2;2;2;2;2;2;2;2;2;2;
2;2;2;2;2;2;2;2;2;2;2;2;2;2;2;2;
2;2;2;2;2;2;2;2;2;2;2;2;2;2;2;2;
2;2;2;2;2;2;2;2;2;2;2;2;2;2;2;2;
2;2;2;2;2;2;2;2;2;2;2;2;2;2;2;2;
2;2;2;2;2;2;2;2;2;2;2;2;2;2;2;2;
Chunk
4;4;4;4;4;4;4;4;4;4;4;4;4;4;4;4;
2;2;2;2;2;2;2;2;2;2;2;2;2;2;2;2;
2;2;2;2;2;2;2;2;2;2;2;2;2;2;2;2;
2;2;2;2;2;2;2;2;2;2;2;2;2;2;2;2;
2;2;2;2;2;2;2;2;2;2;2;2;2;2;2;2;
2;2;2;2;2;2;2;2;2;2;2;2;2;2;2;2;
2;2;2;2;2;2;2;2;2;2;2;2;2;2;2;2;
2;2;2;2;2;2;2;2;2;2;2;2;2;2;2;2;
2;2;2;2;2;2;2;2;2;2;2;2;2;2;2;2;
2;2;2;2;2;2;2;2;2;2;2;2;2;2;2;2;
2;2;2;2;2;2;2;2;2;2;2;2;2;2;2;2;
2;2;2;2;2;2;2;2;2;2;2;2;2;2;2;2;
2;2;2;2;2;2;2;2;2;2;2;2;2;2;2;2;
2;2;2;2;2;2;2;2;2;2;2;2;2;2;2;2;
2;2;2;2;2;2;2;2;2;2;2;2;2;2;2;2;
2;2;2;2;2;2;2;2;2;2;2;2;2;2;2;2;
Chunk
4;4;4;4;0;0;0;0;0;0;0;0;0;4;4;4;
2;2;2;2;27;27;27;27;27;27;27;27;27;2;2;2;
2;2;2;2;27;27;27;27;27;27;27;27;27;2;2;2;
2;2;2;2;27;27;27;27;27;27;27;27;27;2;2;2;
2;2;2;2;27;27;27;27;27;27;27;27;27;2;2;2;
2;2;2;2;27;27;27;27;27;27;27;27;27;2;2;2;
2;2;2;2;27;27;27;27;27;27;27;27;27;2;2;2;
2;2;2;2;27;27;27;27;27;27;27;27;27;27;27;27;
2;2;2;2;27;27;27;27;27;27;27;27;27;27;27;27;
2;2;2;2;27;27;27;27;27;27;27;27;27;27;27;27;
2;2;2;2;27;27;27;27;27;27;27;27;27;27;27;27;
2;2;2;2;27;27;27;27;27;27;27;27;27;27;27;27;
2;2;2;2;27;27;27;27;27;27;27;27;27;27;27;27;
2;2;2;2;27;27;27;27;27;27;27;27;27;27;27;27;
2;2;2;2;27;27;27;27;27;27;27;27;27;27;27;27;
8;8;8;8;8;8;8;8;8;8;8;8;8;8;8;8;
Chunk
4;4;4;4;4;4;4;2;2;2;2;2;2;2;2;2;
2;2;2;2;2;2;2;2;2;2;2;2;2;2;2;2;
2;2;2;2;2;2;2;2;2;2;2;2;2;2;2;2;
2;2;2;2;2;2;2;2;2;2;2;2;2;2;2;2;
2;2;2;2;2;2;2;2;2;2;2;2;2;2;2;2;
2;2;2;2;2;2;2;2;2;2;2;2;2;2;2;2;
2;2;2;2;2;2;2;2;2;2;2;2;2;2;2;2;
27;27;27;27;27;27;27;27;27;27;27;27;27;27;27;27;
27;27;27;27;27;27;27;27;27;27;27;27;27;27;27;27;
27;27;27;27;27;27;27;27;27;27;27;27;27;27;27;27;
27;27;27;27;27;27;27;27;27;27;27;27;27;27;27;27;
27;27;27;27;27;27;27;27;27;27;27;27;27;27;27;27;
27;27;27;27;27;27;27;27;27;27;27;27;27;27;27;27;
27;27;27;27;27;27;27;27;27;27;27;27;27;27;27;27;
27;27;27;27;27;27;27;27;27;27;27;27;27;27;27;27;
8;8;8;8;8;8;8;8;8;8;8;8;8;8;8;8;
Chunk
2;2;2;2;2;2;2;2;2;2;2;2;2;2;2;2;
2;2;2;2;2;2;2;2;2;2;2;2;2;2;2;2;
2;2;2;2;2;2;2;2;2;2;2;2;2;2;2;2;
2;2;2;2;2;2;2;2;2;2;2;2;2;2;2;2;
2;2;2;2;2;2;2;2;2;2;2;2;2;2;2;2;
2;2;2;2;2;2;2;2;2;2;2;2;2;2;2;2;
2;2;2;2;2;2;2;2;2;2;2;2;2;2;2;2;
27;27;27;27;27;27;27;27;27;27;27;27;27;27;27;27;
27;27;27;27;27;27;27;27;27;27;27;27;27;27;27;27;
27;27;27;27;27;27;27;27;27;27;27;27;27;27;27;27;
27;27;27;27;27;27;27;27;27;27;27;27;27;27;27;27;
27;27;27;27;27;27;27;27;27;27;27;27;27;27;27;27;
27;27;27;27;27;27;27;27;27;27;27;27;27;27;27;27;
27;27;27;27;27;27;27;27;27;27;27;27;27;27;27;27;
27;27;27;27;27;27;27;27;27;27;27;27;27;27;27;27;
8;8;8;8;8;8;8;8;8;8;8;8;8;27;27;27;
Chunk
2;2;2;2;2;2;2;2;2;2;2;2;2;2;2;2;
2;2;2;2;2;2;2;2;2;2;2;2;2;2;2;2;
2;2;2;2;2;2;2;2;2;2;2;2;2;2;2;2;
2;2;2;2;2;2;2;2;2;2;2;2;2;2;2;2;
2;2;2;2;2;2;2;2;2;2;2;2;2;2;2;2;
2;2;2;2;2;2;2;2;2;2;2;2;2;2;2;2;
2;2;2;2;2;2;2;2;2;2;2;2;2;2;2;2;
27;27;27;27;27;27;27;27;27;27;27;27;27;27;27;27;
27;27;27;27;27;27;27;27;27;27;27;27;27;27;27;27;
27;27;27;27;27;27;27;27;27;27;27;27;27;27;27;27;
27;27;27;27;27;27;27;27;27;27;27;27;27;27;27;27;
27;27;27;27;27;27;27;27;27;27;27;27;27;27;27;27;
27;27;27;27;27;27;27;27;27;27;27;27;27;27;27;27;
27;27;27;27;27;27;27;27;27;27;27;27;27;27;27;27;
27;27;27;27;27;27;27;27;27;27;27;27;27;27;27;27;
27;27;27;27;27;27;27;27;27;27;27;27;27;27;27;27;
Chunk
2;2;2;2;2;2;2;2;2;2;2;2;2;2;2;2;
2;2;2;2;2;2;2;2;2;2;2;2;2;2;2;2;
2;2;2;2;2;2;2;2;2;2;2;2;2;2;2;2;
2;2;2;2;2;2;2;2;2;2;2;2;2;2;2;2;
2;2;2;2;2;2;2;2;2;2;2;2;2;2;2;2;
2;2;2;2;2;2;2;2;2;2;2;2;2;2;2;2;
2;2;2;2;2;2;2;2;2;2;2;2;2;2;2;2;
27;27;27;27;27;27;27;27;27;27;27;27;27;27;27;27;
27;27;27;27;27;27;27;27;27;27;27;27;27;27;27;27;
27;27;27;27;27;27;27;27;27;27;27;27;27;27;27;27;
27;27;27;27;27;27;27;27;27;27;27;27;27;27;27;27;
27;27;27;27;27;27;27;27;27;27;27;27;27;27;27;27;
27;27;27;27;27;27;27;27;27;27;27;27;27;27;27;27;
27;27;27;27;27;27;27;27;27;27;27;27;27;27;27;27;
27;27;27;27;27;27;27;27;27;27;27;27;27;27;27;27;
27;27;27;27;27;27;27;27;27;27;27;27;27;27;27;27;
Chunk
2;2;2;2;2;2;2;2;2;2;2;2;2;2;2;2;
2;2;2;2;2;2;2;2;2;2;2;2;2;2;2;2;
2;2;2;2;2;2;2;2;2;2;2;2;2;2;2;2;
2;2;2;2;2;2;2;2;2;2;2;2;2;2;2;2;
2;2;2;2;2;2;2;2;2;2;2;2;2;2;2;2;
2;2;2;2;2;2;2;2;2;2;2;2;2;2;2;2;
2;2;2;2;2;2;2;2;2;2;2;2;2;2;2;2;
27;27;27;27;27;27;27;27;27;27;27;27;27;27;27;27;
27;27;27;27;27;27;27;27;27;27;27;27;27;27;27;27;
27;27;27;27;27;27;27;27;27;27;27;27;27;27;27;27;
27;27;27;27;27;27;27;27;27;27;27;27;27;27;27;27;
27;27;27;27;27;27;27;27;27;27;27;27;27;27;27;27;
27;27;27;27;27;27;27;27;27;27;27;27;27;27;27;27;
27;27;27;27;27;27;27;27;27;27;27;27;27;27;27;27;
27;27;27;27;27;27;27;27;27;27;27;27;27;27;27;27;
27;27;27;27;27;27;27;27;27;27;27;27;27;27;27;27;
Chunk
2;2;2;2;2;2;2;2;2;2;2;2;2;2;2;2;
2;2;2;2;2;2;2;2;2;2;2;2;2;2;2;2;
2;2;2;2;2;2;2;2;2;2;2;2;2;2;2;2;
2;2;2;2;2;2;2;2;2;2;2;2;2;2;2;2;
2;2;2;2;2;2;2;2;2;2;2;2;2;2;2;2;
2;2;2;2;2;2;2;2;2;2;2;2;2;2;2;2;
2;2;2;2;2;2;2;2;2;2;2;2;2;2;2;2;
27;27;27;27;27;27;27;27;27;27;27;27;27;27;27;27;
27;27;27;27;27;27;27;27;27;27;27;27;27;27;27;27;
27;27;27;27;27;27;27;27;27;27;27;27;27;27;27;27;
27;27;27;27;27;27;27;27;27;27;27;27;27;27;27;27;
27;27;27;27;27;27;27;27;27;27;27;27;27;27;27;27;
27;27;27;27;27;27;27;27;27;27;27;27;27;27;27;27;
27;27;27;27;27;27;27;27;27;27;27;27;27;27;27;27;
27;27;27;27;27;27;27;27;27;27;27;27;27;27;27;27;
27;27;27;27;27;27;27;27;27;27;27;27;27;27;27;27;
Chunk
2;2;2;2;2;2;2;2;2;2;2;2;2;2;2;2;
2;2;2;2;2;2;2;2;2;2;2;2;2;2;2;2;
2;2;2;2;2;2;2;2;2;2;2;2;2;2;2;2;
2;2;2;2;2;2;2;2;2;2;2;2;2;2;2;2;
2;2;2;2;2;2;2;2;2;2;2;2;2;2;2;2;
2;2;2;2;2;2;2;2;2;2;2;2;2;2;2;2;
2;2;2;2;2;2;2;2;2;2;2;2;2;2;2;2;
27;27;27;27;27;27;27;27;27;27;27;27;27;27;27;27;
27;27;27;27;27;27;27;27;27;27;27;27;27;27;27;27;
27;27;27;27;27;27;27;27;27;27;27;27;27;27;27;27;
27;27;27;27;27;27;27;27;27;27;27;27;27;27;27;27;
27;27;27;27;27;27;27;27;27;27;27;27;27;27;27;27;
27;27;27;27;27;27;27;27;27;27;27;27;27;27;27;27;
27;27;27;27;27;27;27;27;27;27;27;27;27;27;27;27;
27;27;27;27;27;27;27;27;27;27;27;27;27;27;27;27;
27;27;27;27;27;27;27;27;27;27;27;27;27;27;27;27;
Chunk
2;2;2;2;2;2;2;2;2;2;2;2;2;2;2;2;
2;2;2;2;2;2;2;2;2;2;2;2;2;2;2;2;
2;2;2;2;2;2;2;2;2;2;2;2;2;2;2;2;
2;2;2;2;2;2;2;2;2;2;2;2;2;2;2;2;
2;2;2;2;2;2;2;2;2;2;2;2;2;2;2;2;
2;2;2;2;2;2;2;2;2;2;2;2;2;2;2;2;
2;2;2;2;2;2;2;2;2;2;2;2;2;2;2;2;
27;27;27;27;27;27;27;27;27;27;27;27;27;27;27;27;
27;27;27;27;27;27;27;27;27;27;27;27;27;27;27;27;
27;27;27;27;27;27;27;27;27;27;27;27;27;27;27;27;
27;27;27;27;27;27;27;27;27;27;27;27;27;27;27;27;
27;27;27;27;27;27;27;27;27;27;27;27;27;27;27;27;
27;27;27;27;27;27;27;27;27;27;27;27;27;27;27;27;
27;27;27;27;27;27;27;27;27;27;27;27;27;27;27;27;
27;27;27;27;27;27;27;27;27;27;27;27;27;27;27;27;
27;27;27;27;27;27;27;27;27;27;27;27;27;27;27;27;
Chunk
2;2;2;2;2;2;2;2;2;2;2;2;2;2;2;0;
2;2;2;2;2;2;2;2;2;2;2;2;2;2;2;0;
2;2;2;2;2;2;2;2;2;2;2;2;2;2;2;0;
2;2;2;2;2;2;2;2;2;2;2;2;2;2;2;27;
2;2;2;2;2;2;2;2;2;2;2;2;2;27;27;27;
2;2;2;2;2;2;2;2;2;2;2;2;27;27;27;27;
2;2;2;2;2;2;2;2;2;2;2;27;27;27;27;27;
27;27;27;27;27;27;27;27;27;27;27;27;27;27;27;27;
27;27;27;27;27;27;27;27;27;27;27;27;27;27;27;27;
27;27;27;27;27;27;27;27;27;27;27;27;27;27;27;27;
27;27;27;27;27;27;27;27;27;27;27;27;27;27;27;27;
27;27;27;27;27;27;27;27;27;27;27;27;27;27;27;27;
27;27;27;27;27;27;27;27;27;27;27;27;27;27;27;27;
27;27;27;27;27;27;27;27;27;27;27;27;27;27;27;27;
27;27;27;27;27;27;27;27;27;27;27;27;27;27;27;27;
27;27;27;27;27;27;27;27;27;27;27;27;27;27;27;27;
Chunk
0;0;0;0;0;0;0;0;0;0;0;0;0;0;0;0;
0;0;0;0;0;0;0;0;0;0;0;0;0;0;0;0;
0;0;0;0;0;0;0;8;3;3;3;3;3;3;3;3;
27;27;27;27;27;27;27;8;2;2;2;2;2;2;2;2;
27;27;27;27;27;27;27;8;2;2;2;2;2;2;2;2;
27;27;27;27;27;27;27;8;2;2;2;2;2;2;2;2;
27;27;27;27;27;27;8;8;2;2;2;2;2;2;2;2;
27;27;27;27;27;27;8;8;2;2;2;2;2;2;2;2;
27;27;27;27;27;27;8;10;2;2;2;2;2;2;2;2;
27;27;27;27;27;8;8;8;2;2;2;2;2;2;2;2;
27;27;27;27;27;8;8;8;0;0;0;0;0;0;0;0;
27;27;27;27;27;8;8;8;0;0;0;0;0;0;0;0;
27;27;27;27;8;8;8;8;0;0;0;0;0;0;0;0;
27;27;27;27;8;8;8;8;0;0;0;0;0;0;0;0;
27;27;27;27;8;8;8;8;0;0;0;0;0;0;0;0;
27;27;27;8;8;8;8;8;0;0;0;0;0;0;0;0;
Chunk
0;0;0;0;0;0;0;0;0;0;0;0;0;0;0;0;
0;0;0;0;0;0;0;0;0;0;0;0;0;0;0;0;
3;3;3;3;3;3;3;3;3;3;3;3;3;3;3;3;
2;2;2;2;2;2;2;2;2;2;2;2;2;2;2;2;
2;2;2;2;2;2;2;2;2;2;2;2;2;2;2;2;
2;2;2;2;2;2;2;2;2;2;2;2;2;2;2;2;
2;2;2;2;2;2;2;2;2;2;2;2;2;2;2;2;
2;2;2;2;2;2;2;2;2;2;2;2;2;2;2;2;
2;2;2;2;2;2;2;2;2;2;2;2;2;2;2;2;
2;2;2;2;2;2;2;2;2;2;2;2;2;2;2;2;
0;0;0;0;0;0;0;0;0;0;0;0;0;0;0;0;
0;0;0;0;0;0;0;0;0;0;0;0;0;0;0;0;
0;0;0;0;0;0;0;0;0;0;0;0;0;0;0;0;
0;0;0;0;0;0;0;0;0;0;0;0;0;0;0;0;
0;0;0;0;0;0;0;0;0;0;0;0;0;0;0;0;
0;0;0;0;0;0;0;0;0;0;0;0;0;0;0;0;
Chunk
0;0;0;0;0;0;0;0;0;0;0;0;0;0;0;1;
0;0;0;0;0;0;0;0;0;0;0;0;0;0;0;1;
3;3;3;3;3;3;3;3;3;3;3;3;3;3;3;3;
2;2;2;2;2;2;2;2;2;2;2;2;2;2;2;2;
2;2;2;2;2;2;2;2;2;2;2;2;2;2;2;2;
2;2;2;2;2;2;2;2;2;2;2;2;2;2;2;2;
2;2;2;2;2;2;2;2;2;2;2;2;2;2;2;2;
2;2;2;2;2;2;2;2;2;2;2;2;2;2;2;2;
2;2;2;2;2;2;2;2;2;2;2;2;2;2;2;2;
2;2;2;2;2;2;2;2;2;2;2;2;2;2;2;2;
0;0;0;0;0;0;0;0;0;0;0;0;0;0;0;0;
0;0;0;0;0;0;0;0;0;0;0;0;0;0;0;0;
0;0;0;0;0;0;0;0;0;0;0;0;0;0;0;0;
0;0;0;0;0;0;0;0;0;0;0;0;0;0;0;0;
0;0;0;0;0;0;0;0;0;0;0;0;0;0;0;0;
0;0;0;0;0;0;0;0;0;0;0;0;0;0;0;0;
Chunk empty
Chunk empty
Chunk empty
Chunk empty
Chunk
0;0;0;0;0;0;0;0;0;0;0;0;0;0;2;2;
0;0;0;0;0;0;0;0;0;0;0;0;0;0;2;2;
0;0;0;0;0;0;0;0;0;0;0;0;0;0;2;2;
0;0;0;0;0;0;0;0;0;0;0;0;0;0;2;2;
0;0;0;0;0;0;0;0;0;0;0;0;0;0;2;2;
0;0;0;0;0;0;0;0;0;0;0;0;0;0;0;2;
0;0;0;0;0;0;0;0;0;0;0;0;0;0;0;0;
0;0;0;0;0;0;0;0;0;0;0;0;0;0;0;0;
0;0;0;0;0;0;0;0;0;0;0;0;0;0;0;0;
0;0;0;0;0;0;0;0;0;0;0;0;0;0;0;0;
0;0;0;0;0;0;0;0;0;0;0;0;0;0;0;0;
0;0;0;0;0;0;0;0;0;0;0;0;0;0;0;0;
0;0;0;0;0;0;0;0;0;0;0;0;0;0;0;0;
0;0;0;0;0;0;0;0;0;0;0;0;0;0;0;0;
0;0;0;0;0;0;0;0;0;0;0;0;0;0;0;0;
0;0;0;0;0;0;0;0;0;0;0;0;0;0;0;0;
Chunk
2;2;2;2;2;2;2;2;2;2;2;2;2;2;2;2;
2;2;2;2;2;2;2;2;2;2;2;2;2;2;2;2;
2;2;2;2;2;2;2;2;2;2;2;2;2;2;2;2;
2;2;2;2;2;2;2;2;2;2;2;2;2;2;2;2;
2;2;2;2;2;2;2;2;2;2;2;2;2;2;2;2;
2;2;2;2;2;2;2;2;2;2;2;2;2;2;2;2;
0;0;0;0;0;0;0;0;0;0;0;0;0;0;0;0;
0;0;0;0;0;0;0;0;0;0;0;0;0;0;0;0;
0;0;0;0;0;0;0;0;0;0;0;0;0;0;0;0;
0;0;0;0;0;0;0;0;0;0;0;0;0;0;0;0;
0;0;0;0;0;0;0;0;0;0;0;0;0;0;0;0;
0;0;0;0;0;0;0;0;0;0;0;0;0;0;0;0;
0;0;0;0;0;0;0;0;0;0;0;0;0;0;0;0;
0;0;0;0;0;0;0;0;0;0;0;0;0;0;0;0;
0;0;0;0;0;0;0;0;0;0;0;0;0;0;0;0;
0;0;0;0;0;0;0;0;0;0;0;0;0;0;0;0;
Chunk
8;8;8;8;8;8;8;8;8;8;8;8;8;8;8;8;
8;8;8;8;8;8;8;8;8;8;8;8;8;8;8;8;
8;8;8;8;8;8;8;8;8;8;8;8;8;8;8;8;
8;8;8;8;8;8;8;8;8;8;8;8;8;8;8;8;
8;8;8;8;8;8;8;8;8;8;8;8;8;8;8;8;
8;8;8;8;8;8;8;8;8;8;8;8;8;8;8;8;
8;8;8;8;8;8;8;8;8;8;8;8;8;8;8;8;
0;0;0;0;0;0;0;0;0;0;0;0;0;0;0;0;
0;0;0;0;0;0;0;0;0;0;0;0;0;0;0;0;
0;0;0;0;0;0;0;0;0;0;0;0;0;0;0;0;
0;0;0;0;0;0;0;0;0;0;0;0;0;0;0;0;
0;0;0;0;0;0;0;0;0;0;0;0;0;0;0;0;
0;0;0;0;0;0;0;0;0;0;0;0;0;0;0;0;
0;0;0;0;0;0;0;0;0;0;0;0;0;0;0;0;
0;0;0;0;0;0;0;0;0;0;0;0;0;0;0;0;
0;0;0;0;0;0;0;0;0;0;0;0;0;0;0;0;
Chunk
8;8;8;8;8;8;8;8;8;8;8;8;28;8;8;8;
8;8;8;8;8;8;8;8;8;8;8;8;8;8;8;8;
8;8;8;8;8;8;8;8;8;8;8;8;8;8;8;8;
8;8;8;8;8;8;8;8;8;8;8;8;8;8;8;8;
8;8;8;8;8;8;8;8;8;8;8;8;8;8;8;8;
8;8;8;8;8;8;8;8;28;8;28;8;8;8;8;8;
8;8;8;8;8;8;8;8;8;8;8;8;8;8;8;8;
0;0;0;0;0;0;0;0;0;0;0;0;0;0;0;0;
0;0;0;0;0;0;0;0;0;0;0;0;0;0;0;0;
0;0;0;0;0;0;0;0;0;0;0;0;0;0;0;8;
0;0;0;0;0;0;0;0;0;0;0;0;0;0;0;8;
0;0;0;0;0;0;0;0;0;0;0;0;0;0;0;8;
0;0;0;0;0;0;0;0;0;0;0;0;0;0;0;8;
0;0;0;0;0;0;0;0;0;0;0;0;0;0;0;8;
0;0;0;0;0;0;0;0;0;0;0;0;0;0;0;8;
0;0;0;0;0;0;0;0;0;0;0;0;0;0;0;8;
Chunk
8;8;8;8;8;8;8;8;8;8;8;8;8;8;27;27;
8;8;8;8;8;8;8;8;8;8;8;8;8;8;8;27;
8;8;8;8;8;8;8;8;8;8;8;8;8;8;8;8;
8;8;8;8;8;8;8;28;8;8;8;8;8;8;8;8;
8;8;8;8;8;8;8;8;8;8;8;8;8;8;8;8;
8;8;8;8;8;8;8;8;8;8;8;8;8;8;8;8;
8;8;8;8;8;8;8;8;8;8;8;8;8;8;8;8;
0;8;8;8;8;8;8;8;8;8;8;8;8;8;8;8;
8;8;8;8;8;8;8;8;8;8;8;8;8;8;8;8;
8;8;8;8;8;8;8;8;8;8;8;8;8;8;8;8;
8;8;8;8;8;8;8;8;8;8;8;8;8;8;8;8;
8;8;8;8;8;8;8;8;8;8;8;8;8;8;8;8;
8;8;8;8;8;8;8;8;8;8;8;8;8;8;8;8;
8;8;8;8;8;8;8;8;8;8;8;8;8;8;8;8;
8;8;8;8;8;8;8;8;8;8;8;8;8;8;8;8;
8;8;8;8;8;8;8;8;8;8;8;8;8;8;8;8;
Chunk
27;27;27;27;27;27;27;27;27;27;27;27;27;27;27;27;
27;27;27;27;27;27;27;27;27;27;27;27;27;27;27;27;
27;27;27;27;27;27;27;27;27;27;27;27;27;27;27;27;
8;27;27;27;27;27;27;27;27;27;27;27;27;27;27;27;
8;8;27;27;27;27;27;27;27;27;27;27;27;27;27;27;
8;8;8;27;27;27;27;27;27;27;27;27;27;27;27;27;
8;8;8;8;27;27;27;27;27;27;27;27;27;27;27;27;
8;8;8;8;8;27;27;27;27;27;27;27;27;27;27;27;
8;8;8;8;8;8;8;8;8;8;8;8;8;8;8;8;
8;8;8;8;8;8;8;8;8;8;8;8;8;8;8;8;
8;8;8;8;8;8;8;8;8;8;8;8;8;8;8;8;
8;8;8;8;8;8;8;8;8;8;8;8;8;8;8;8;
8;8;8;8;8;8;8;8;8;8;8;8;8;8;8;8;
8;8;8;8;8;8;8;8;8;8;8;8;8;8;8;8;
8;8;8;8;8;8;8;8;8;8;8;8;8;8;8;8;
8;8;8;8;8;8;8;8;8;8;8;8;8;8;8;8;
Chunk
27;27;27;27;27;27;27;27;27;27;27;27;27;27;27;27;
27;27;27;27;27;27;27;27;27;27;27;27;27;27;27;27;
27;27;27;27;27;27;27;27;27;27;27;27;27;27;27;27;
27;27;27;27;27;27;27;27;27;27;27;27;27;27;27;27;
10;10;10;10;10;10;10;27;27;27;27;27;27;27;27;27;
27;27;27;27;27;27;27;27;27;27;27;27;27;27;27;27;
27;27;27;27;27;27;27;27;27;27;27;27;27;27;27;27;
27;27;27;27;27;27;27;27;27;27;27;27;27;27;27;27;
27;27;27;27;27;27;27;8;8;8;8;8;8;8;8;8;
27;27;27;27;27;27;27;8;8;8;8;8;8;8;8;8;
27;27;27;27;27;27;27;8;8;8;8;8;8;8;8;8;
27;27;27;27;27;27;27;8;8;8;8;8;8;8;8;8;
27;27;27;27;27;27;27;8;8;8;8;8;8;8;8;8;
27;27;27;27;27;27;27;8;8;8;8;8;8;8;8;8;
27;27;27;27;27;27;27;8;8;8;8;8;8;8;8;8;
27;27;27;27;27;27;27;8;8;8;8;8;8;8;8;8;
Chunk
27;27;27;27;27;27;27;27;27;27;27;27;27;27;27;27;
27;27;27;27;27;27;27;27;27;27;27;27;27;27;27;27;
27;27;27;27;27;27;27;27;27;27;27;27;27;27;27;27;
27;27;27;27;27;27;27;27;27;27;27;27;27;27;27;27;
27;27;27;27;27;27;27;27;27;27;27;27;27;27;27;27;
27;27;27;27;27;27;27;27;27;27;27;27;27;27;27;27;
27;27;27;27;27;27;27;27;27;27;27;27;27;27;27;27;
27;27;27;27;27;27;27;27;27;27;27;27;27;27;27;27;
8;8;8;8;8;8;8;8;8;30;30;8;8;8;8;8;
8;8;8;8;8;8;8;8;8;30;30;8;8;8;8;8;
28;8;8;8;8;8;8;8;8;30;30;8;8;8;8;8;
28;8;8;8;8;8;8;8;8;10;30;8;8;8;8;8;
28;8;8;8;8;30;30;30;30;30;30;8;8;8;8;8;
28;8;8;8;8;30;30;30;30;30;30;8;8;8;8;8;
28;8;8;8;8;30;30;30;30;30;30;8;8;8;8;8;
28;8;8;8;8;8;8;8;8;8;8;8;8;8;8;8;
Chunk
27;27;27;27;27;27;27;27;27;27;27;27;27;27;27;27;
27;27;27;27;27;27;27;27;27;27;27;27;27;27;27;27;
27;27;27;27;27;27;27;27;27;27;27;27;27;27;27;27;
27;27;27;27;27;27;27;27;27;27;27;27;27;27;27;27;
27;27;27;27;27;27;27;27;27;27;27;27;27;27;27;27;
27;27;27;27;27;27;27;27;27;27;27;27;27;27;27;27;
27;27;27;27;27;27;27;27;8;8;8;8;8;8;8;8;
8;8;8;8;8;8;8;8;8;8;8;8;8;8;8;8;
8;8;8;8;8;8;8;8;8;8;8;8;8;8;8;8;
8;8;8;8;8;8;8;8;8;8;8;8;8;8;8;8;
8;8;8;8;8;8;8;8;8;8;8;8;8;8;8;8;
8;8;8;8;8;8;8;8;8;8;8;8;8;8;8;8;
8;8;8;8;8;8;8;8;8;8;8;8;8;8;8;8;
8;8;8;8;8;8;8;8;8;8;8;8;8;8;8;8;
8;8;8;8;8;8;8;8;8;8;8;8;8;8;8;8;
8;8;8;8;8;8;8;8;8;8;8;8;8;8;8;8;
Chunk
27;27;27;27;27;27;27;27;27;27;27;27;27;27;27;27;
27;27;27;27;27;27;27;27;27;27;27;27;27;27;27;27;
27;27;27;27;27;27;27;27;27;27;27;27;27;27;27;27;
27;27;27;27;27;27;27;27;27;27;27;27;27;27;27;27;
27;27;27;27;27;27;27;27;27;27;8;8;8;8;8;8;
27;8;8;8;8;8;8;8;8;8;8;8;8;8;8;8;
8;8;8;8;8;8;8;8;8;8;8;8;8;8;8;8;
8;8;8;8;8;8;8;8;8;8;8;8;8;8;8;8;
8;8;8;8;8;8;8;8;8;8;8;8;8;8;8;8;
8;8;8;8;8;8;8;8;8;8;8;8;8;8;8;8;
8;8;8;8;8;8;8;8;8;8;8;8;8;8;8;8;
8;8;8;8;8;8;8;8;8;8;8;8;8;8;8;8;
8;8;8;8;8;8;8;8;8;8;8;8;8;8;8;8;
8;8;8;8;8;8;8;8;8;8;8;8;8;8;8;8;
8;8;8;8;8;8;8;8;8;8;8;8;8;8;8;8;
8;8;8;8;8;8;8;8;8;8;8;8;8;8;8;8;
Chunk
27;27;27;27;27;27;27;27;27;27;27;27;27;27;27;27;
27;27;27;27;27;27;27;27;27;27;27;27;27;27;8;8;
27;27;27;27;27;27;27;27;8;8;8;8;8;8;8;8;
27;8;8;8;8;8;8;8;8;8;8;8;8;8;8;8;
8;8;8;8;8;8;8;8;8;8;8;8;8;8;8;8;
8;8;8;8;8;8;8;8;8;8;8;8;8;8;8;8;
8;8;8;8;8;8;8;8;8;8;8;8;8;8;8;8;
8;8;8;8;8;8;8;8;8;8;8;8;8;8;8;8;
8;8;8;8;8;8;8;8;8;8;8;8;8;8;8;8;
8;8;8;8;8;8;8;8;8;8;8;8;8;8;8;8;
8;8;8;8;8;8;8;8;8;8;8;8;8;8;8;8;
8;8;8;8;8;8;8;8;8;8;8;8;8;8;8;8;
8;8;8;8;8;8;8;8;8;8;8;8;8;8;8;8;
8;8;8;8;8;8;8;8;8;8;8;8;8;8;8;8;
8;8;8;8;8;8;8;8;8;8;8;8;8;8;8;8;
8;8;8;8;8;8;8;8;8;8;8;8;8;8;8;8;
Chunk
27;27;27;27;27;27;27;27;27;27;27;27;27;27;27;27;
8;27;27;27;27;27;27;27;27;27;27;27;27;27;27;27;
8;27;27;27;27;27;27;27;27;27;27;27;27;27;27;27;
8;27;27;27;27;27;27;27;27;27;27;27;27;27;27;27;
8;27;27;27;27;27;27;27;27;27;27;27;27;27;27;27;
8;27;27;27;27;27;27;27;27;27;27;27;27;27;27;27;
8;27;27;27;27;27;27;27;27;27;27;27;27;27;27;27;
8;27;27;27;27;27;27;27;27;27;27;27;27;27;27;27;
8;27;27;27;27;27;27;27;27;27;27;27;27;27;27;27;
8;27;27;27;27;27;27;27;27;27;27;27;27;27;27;27;
8;27;27;27;27;27;27;27;27;27;27;27;27;27;27;27;
8;8;8;8;8;8;8;8;8;8;8;8;8;8;8;8;
8;8;8;8;8;8;8;8;8;8;8;8;8;8;8;8;
8;8;8;8;8;8;8;8;8;8;8;8;8;8;8;8;
8;8;8;8;8;8;8;8;8;8;8;8;8;8;8;8;
8;8;8;8;8;8;8;8;8;8;8;8;8;8;8;8;
Chunk
27;27;27;8;8;8;8;8;0;0;0;0;0;0;0;0;
27;27;27;8;8;8;8;8;0;0;0;0;0;0;0;0;
27;27;8;8;8;8;8;8;0;0;0;0;0;0;0;0;
27;27;8;8;8;8;8;8;0;0;0;0;0;0;0;0;
27;27;8;8;8;8;8;8;0;0;0;0;0;0;0;0;
27;8;8;8;8;8;8;8;0;0;0;0;0;0;0;0;
27;8;8;8;8;8;8;8;0;0;0;0;0;0;0;0;
27;8;8;8;8;8;8;8;0;0;0;0;0;0;0;0;
8;8;8;8;8;8;8;8;0;0;0;0;0;0;0;0;
8;8;8;8;8;8;8;8;0;0;0;0;0;0;0;0;
8;8;8;8;8;8;8;8;0;0;0;0;0;0;0;0;
8;8;8;8;8;8;8;8;0;0;0;0;0;0;0;0;
8;8;8;8;8;8;8;8;0;0;0;0;0;0;0;0;
8;8;8;8;8;8;8;8;0;0;0;0;0;0;0;0;
8;8;8;8;8;8;8;8;0;0;0;0;0;0;0;0;
8;8;8;8;8;8;8;8;0;0;0;0;0;0;0;0;
Chunk empty
Chunk empty
Chunk empty
Chunk empty
Chunk empty
Chunk empty
Chunk empty
Chunk empty
Chunk empty
Chunk empty
Chunk empty
Chunk empty
Chunk
0;0;0;0;0;0;0;0;0;0;0;0;0;0;0;8;
0;0;0;0;0;0;0;0;0;0;0;0;0;0;0;8;
0;0;0;0;0;0;0;0;0;0;0;0;0;0;0;8;
0;0;0;0;0;0;0;0;0;0;0;0;0;0;0;8;
0;0;0;0;0;0;0;0;0;0;0;0;0;0;0;8;
0;0;0;0;0;0;0;0;0;0;0;0;0;0;0;8;
0;0;0;0;0;0;0;0;0;0;0;0;0;0;0;8;
0;0;0;0;0;0;0;0;0;0;0;0;0;0;0;0;
0;0;0;0;0;0;0;0;0;0;0;0;0;0;0;0;
0;0;0;0;0;0;0;0;0;0;0;0;0;0;0;0;
0;0;0;0;0;0;0;0;0;0;0;0;0;0;0;0;
0;0;0;0;0;0;0;0;0;0;0;0;0;0;0;0;
0;0;0;0;0;0;0;0;0;0;0;0;0;0;0;0;
0;0;0;0;0;0;0;0;0;0;0;0;0;0;0;0;
0;0;0;0;0;0;0;0;0;0;0;0;0;0;0;0;
0;0;0;0;0;0;0;0;0;0;0;0;0;0;0;0;
Chunk
8;8;8;8;8;8;8;8;8;8;8;8;8;8;8;8;
8;8;8;8;8;8;8;8;8;8;8;8;8;8;8;8;
8;8;8;8;8;8;8;8;8;8;8;8;8;8;8;8;
8;8;8;8;8;8;8;8;8;8;8;8;8;8;8;8;
8;8;8;8;8;8;8;8;8;8;8;8;8;8;8;8;
8;8;8;8;8;8;8;8;8;8;8;8;8;8;8;8;
8;0;0;0;0;0;0;0;0;0;0;0;0;0;0;0;
0;0;0;0;0;0;0;0;0;0;0;0;0;0;0;0;
0;0;0;0;0;0;0;0;0;0;0;0;0;0;0;0;
0;0;0;0;0;0;0;0;0;0;0;0;0;0;0;0;
0;0;0;0;0;0;0;0;0;0;0;0;0;0;0;0;
0;0;0;0;0;0;0;0;0;0;0;0;0;0;0;0;
0;0;0;0;0;0;0;0;0;0;0;0;0;0;0;0;
0;0;0;0;0;0;0;0;0;0;0;0;0;0;0;0;
0;0;0;0;0;0;0;0;0;0;0;0;0;0;0;0;
0;0;0;0;0;0;0;0;0;0;0;0;0;0;0;0;
Chunk
8;8;8;8;8;8;8;8;8;8;8;8;8;8;8;8;
8;8;8;8;0;8;8;8;8;8;8;8;8;8;8;8;
8;8;8;8;0;0;0;0;0;0;0;0;0;0;0;0;
8;8;8;8;0;0;0;0;0;0;0;0;0;0;0;0;
8;8;8;8;0;0;0;0;0;0;0;0;0;0;0;0;
8;8;8;8;0;0;0;0;0;0;0;0;0;0;0;0;
0;0;0;8;0;0;0;0;0;0;0;0;0;0;0;0;
0;0;0;0;0;0;0;0;0;0;0;0;0;0;0;0;
0;0;0;0;0;0;0;0;0;0;0;0;0;0;0;0;
0;0;0;0;0;0;0;0;0;0;0;0;0;0;0;0;
0;0;0;0;0;0;0;0;0;0;0;0;0;0;0;0;
0;0;0;0;0;0;0;0;0;0;0;0;0;0;0;0;
0;0;0;0;0;0;0;0;0;0;0;0;0;0;0;0;
0;0;0;0;0;0;0;0;0;0;0;0;0;0;0;0;
0;0;0;0;0;0;0;0;0;0;0;0;0;0;0;0;
0;0;0;0;0;0;0;0;0;0;0;0;0;0;0;0;
Chunk
8;8;8;8;8;8;8;8;8;8;8;8;8;8;8;8;
8;8;8;8;8;8;8;8;8;8;8;8;8;8;8;8;
0;0;0;0;0;0;0;0;0;0;0;0;0;0;0;0;
0;0;0;0;0;0;0;0;0;0;0;0;0;0;0;0;
0;0;0;0;0;0;0;0;0;0;0;0;0;0;0;0;
0;0;0;0;0;0;0;0;0;0;0;0;0;0;0;0;
0;0;0;0;0;0;0;0;0;0;0;0;0;0;0;0;
0;0;0;0;0;0;0;0;0;0;0;0;0;0;0;0;
0;0;0;0;0;0;0;0;0;0;0;0;0;0;0;0;
0;0;0;0;0;0;0;0;0;0;0;0;0;0;0;0;
0;0;0;0;0;0;0;0;0;0;0;0;0;0;0;0;
0;0;0;0;0;0;0;0;0;0;0;0;0;0;0;0;
0;0;0;0;0;0;0;0;0;0;0;0;0;0;0;0;
0;0;0;0;0;0;0;0;0;0;0;0;0;0;0;0;
0;0;0;0;0;0;0;0;0;0;0;0;0;0;0;0;
0;0;0;0;0;0;0;0;0;0;0;0;0;0;0;0;
Chunk
8;8;8;8;8;8;8;8;8;8;8;8;8;8;8;8;
8;8;8;8;8;8;8;8;8;8;8;8;8;8;8;8;
0;0;0;0;0;0;0;0;0;0;0;0;0;0;0;0;
0;0;0;0;0;0;0;0;0;0;0;0;0;0;0;0;
0;0;0;0;0;0;0;0;0;0;0;0;0;0;0;0;
0;0;0;0;0;0;0;0;0;0;0;0;0;0;0;0;
0;0;0;0;0;0;0;0;0;0;0;0;0;0;0;0;
0;0;0;0;0;0;0;0;0;0;0;0;0;0;0;0;
0;0;0;0;0;0;0;0;0;0;0;0;0;0;0;0;
0;0;0;0;0;0;0;0;0;0;0;0;0;0;0;0;
0;0;0;0;0;0;0;0;0;0;0;0;0;0;0;0;
0;0;0;0;0;0;0;0;0;0;0;0;0;0;0;0;
0;0;0;0;0;0;0;0;0;0;0;0;0;0;0;0;
0;0;0;0;0;0;0;0;0;0;0;0;0;0;0;0;
0;0;0;0;0;0;0;0;0;0;0;0;0;0;0;0;
0;0;0;0;0;0;0;0;0;0;0;0;0;0;0;0;
Chunk
8;8;8;8;8;8;8;8;8;8;8;8;8;8;8;8;
8;8;8;8;8;8;8;8;8;8;8;8;8;8;8;8;
0;0;0;0;0;0;0;0;0;0;0;0;0;0;0;0;
0;0;0;0;0;0;0;0;0;0;0;0;0;0;0;0;
0;0;0;0;0;0;0;0;0;0;0;0;0;0;0;0;
0;0;0;0;0;0;0;0;0;0;0;0;0;0;0;0;
0;0;0;0;0;0;0;0;0;0;0;0;0;0;0;0;
0;0;0;0;0;0;0;0;0;0;0;0;0;0;0;0;
0;0;0;0;0;0;0;0;0;0;0;0;0;0;0;0;
0;0;0;0;0;0;0;0;0;0;0;0;0;0;0;0;
0;0;0;0;0;0;0;0;0;0;0;0;0;0;0;0;
0;0;0;0;0;0;0;0;0;0;0;0;0;0;0;0;
0;0;0;0;0;0;0;0;0;0;0;0;0;0;0;0;
0;0;0;0;0;0;0;0;0;0;0;0;0;0;0;0;
0;0;0;0;0;0;0;0;0;0;0;0;0;0;0;0;
0;0;0;0;0;0;0;0;0;0;0;0;0;0;0;0;
Chunk
8;8;8;8;8;8;8;8;0;0;0;0;0;0;0;0;
8;8;8;8;8;8;8;8;0;0;0;0;0;0;0;0;
0;0;0;0;0;0;0;0;0;0;0;0;0;0;0;0;
0;0;0;0;0;0;0;0;0;0;0;0;0;0;0;0;
0;0;0;0;0;0;0;0;0;0;0;0;0;0;0;0;
0;0;0;0;0;0;0;0;0;0;0;0;0;0;0;0;
0;0;0;0;0;0;0;0;0;0;0;0;0;0;0;0;
0;0;0;0;0;0;0;0;0;0;0;0;0;0;0;0;
0;0;0;0;0;0;0;0;0;0;0;0;0;0;0;0;
0;0;0;0;0;0;0;0;0;0;0;0;0;0;0;0;
0;0;0;0;0;0;0;0;0;0;0;0;0;0;0;0;
0;0;0;0;0;0;0;0;0;0;0;0;0;0;0;0;
0;0;0;0;0;0;0;0;0;0;0;0;0;0;0;0;
0;0;0;0;0;0;0;0;0;0;0;0;0;0;0;0;
0;0;0;0;0;0;0;0;0;0;0;0;0;0;0;0;
0;0;0;0;0;0;0;0;0;0;0;0;0;0;0;0;
Chunk empty
Chunk empty
Player 3.469306447905108;42.15499499352621
